0.6 30 -4.14 81.59 60.4266666666667 21.1633333333333 (c=6)
0.8 30 -3.7275 61.0916666666667 40.0016666666667 21.09 (c=12)
1 30 -3.365 48.0488888888889 29.3994444444444 18.6494444444444 (c=18)
1.2 30 -3.37833333333333 48.8755555555556 30.2233333333333 18.6522222222222 (c=18)
1.4 30 -3.39555555555556 48.9322222222222 29.5394444444444 19.3927777777778 (c=18)
1.6 30 -3.37611111111111 48.0611111111111 28.8055555555556 19.2555555555556 (c=18)
1.8 30 -3.375 47.6994444444444 28.7861111111111 18.9133333333333 (c=18)
2 30 -3.33611111111111 47.6255555555556 29.6422222222222 17.9833333333333 (c=18)
2.2 30 -3.30055555555556 48.5044444444445 29.4938888888889 19.0105555555556 (c=18)
2.4 30 -3.40833333333333 48.3077777777778 29.8072222222222 18.5005555555556 (c=18)
2.6 30 -3.35388888888889 45.1605555555556 27.2116666666667 17.9488888888889 (c=18)
2.8 30 -3.35833333333333 46.8572222222222 29.0094444444444 17.8477777777778 (c=18)
3 30 -3.34833333333333 47.1361111111111 28.7361111111111 18.4 (c=18)
0.6 30 -4.14 82.0316666666667 60.6683333333333 21.3633333333333 (c=6)
0.8 30 -3.70416666666667 60.2858333333333 40.2966666666667 19.9891666666667 (c=12)
1 30 -3.37277777777778 50.2227777777778 30.7416666666667 19.4811111111111 (c=18)
1.2 30 -3.40277777777778 48.3683333333333 30.0238888888889 18.3444444444444 (c=18)
1.4 30 -3.39944444444444 46.7338888888889 28.5794444444444 18.1544444444444 (c=18)
1.6 30 -3.38722222222222 49.8261111111111 30.9244444444444 18.9016666666667 (c=18)
1.8 30 -3.37888888888889 48.5805555555556 30.0838888888889 18.4966666666667 (c=18)
2 30 -3.31333333333333 46.3505555555556 28.2566666666667 18.0938888888889 (c=18)
2.2 30 -3.30888888888889 46.9111111111111 28.8416666666667 18.0694444444444 (c=18)
2.4 30 -3.36277777777778 48.2211111111111 29.5022222222222 18.7188888888889 (c=18)
2.6 30 -3.34888888888889 47.1522222222222 29.005 18.1472222222222 (c=18)
2.8 30 -3.38777777777778 47.0205555555555 28.7211111111111 18.2994444444444 (c=18)
3 30 -3.36166666666667 45.5694444444444 27.6177777777778 17.9516666666667 (c=18)
0.6 30 -4.15166666666667 71.6066666666667 53.455 18.1516666666667 (c=6)
0.8 30 -3.72666666666667 57.9216666666667 38.7275 19.1941666666667 (c=12)
1 30 -3.36888888888889 49.42 29.7155555555556 19.7044444444444 (c=18)
1.2 30 -3.35388888888889 50.06 31.1061111111111 18.9538888888889 (c=18)
1.4 30 -3.39111111111111 48.1188888888889 29.4938888888889 18.625 (c=18)
1.6 30 -3.34888888888889 45.8205555555556 28.2072222222222 17.6133333333333 (c=18)
1.8 30 -3.39444444444445 44.8216666666667 27.1594444444444 17.6622222222222 (c=18)
2 30 -3.33888888888889 48.215 29.14 19.075 (c=18)
2.2 30 -3.31166666666667 50.4311111111111 31.655 18.7761111111111 (c=18)
2.4 30 -3.39555555555556 47.3588888888889 29.3677777777778 17.9911111111111 (c=18)
2.6 30 -3.35611111111111 49.9755555555556 30.6522222222222 19.3233333333333 (c=18)
2.8 30 -3.37444444444444 46.3861111111111 28.2727777777778 18.1133333333333 (c=18)
3 30 -3.34944444444444 45.5727777777778 27.4483333333333 18.1244444444444 (c=18)
0.6 30 -4.23333333333333 81.4283333333333 57.9216666666667 23.5066666666667 (c=6)
0.8 30 -3.67333333333333 61.7858333333334 41.6066666666667 20.1791666666667 (c=12)
1 30 -3.38944444444444 47.7061111111111 28.6938888888889 19.0122222222222 (c=18)
1.2 30 -3.36555555555556 49.9655555555555 30.6888888888889 19.2766666666667 (c=18)
1.4 30 -3.38388888888889 48.1738888888889 28.9716666666667 19.2022222222222 (c=18)
1.6 30 -3.36333333333333 49.28 30.7311111111111 18.5488888888889 (c=18)
1.8 30 -3.375 47.8538888888889 28.7555555555556 19.0983333333333 (c=18)
2 30 -3.35111111111111 48.0383333333333 28.8838888888889 19.1544444444444 (c=18)
2.2 30 -3.31555555555556 50.2955555555556 31.4161111111111 18.8794444444444 (c=18)
2.4 30 -3.37777777777778 46.3655555555556 28.1105555555556 18.255 (c=18)
2.6 30 -3.36777777777778 48.5388888888889 29.6277777777778 18.9111111111111 (c=18)
2.8 30 -3.40833333333333 48.135 29.565 18.57 (c=18)
3 30 -3.33 47.1738888888889 28.3538888888889 18.82 (c=18)
