c8h15no6-1QU6_0-0.5_30_4_3.2_4.2_3_256000 -3.63 49.23 24.94 24.29
c8h15no6-1ZIW_0-0.5_30_2_3.2_4.2_3_256000 -3.99 82.16 63.62 18.54
c8h15no6-2A0Z_0-0.5_30_3_3.2_4.2_3_256000 -4.22 86.56 68.02 18.54
c8h15no6-2Z62_0-0.5_30_3_3.2_4.2_3_256000 -4.24 47.92 26.69 21.23
c8h15no6-2Z7X_0-0.5_30_6_3.2_4.2_3_256000 -4.02 118.16 98.45 19.71
c8h15no6-2Z80_0-0.5_30_1_3.2_4.2_3_256000 -4.15 78.02 59.70 18.32
c6h12o6-1QU6_0-0.5_30_5_3.2_4.2_3_256000 -2.66 21.26 6.19 15.07
c6h12o6-1ZIW_0-0.5_30_16_3.2_4.2_3_256000 -3.29 42.04 20.54 21.50
c6h12o6-2A0Z_0-0.5_30_18_3.2_4.2_3_256000 -3.61 47.32 24.36 22.96
c6h12o6-2Z62_0-0.5_30_2_3.2_4.2_3_256000 -4.19 29.64 8.06 21.58
c6h12o6-2Z7X_0-0.5_30_18_3.2_4.2_3_256000 -3.48 47.14 29.89 17.25
c6h12o6-2Z80_0-0.5_30_11_3.2_4.2_3_256000 -3.37 44.57 24.03 20.54
c3h8o3-1QU6_0-0.5_30_2_3.2_4.2_3_256000 -2.28 19.14 3.91 15.23
c3h8o3-1ZIW_0-0.5_30_22_3.2_4.2_3_256000 -2.26 26.62 9.83 16.79
c3h8o3-2A0Z_0-0.5_30_7_3.2_4.2_3_256000 -2.73 30.01 11.58 18.43
c3h8o3-2Z62_0-0.5_30_6_3.2_4.2_3_256000 -2.42 19.42 4.21 15.21
c3h8o3-2Z7X_0-0.5_30_32_3.2_4.2_3_256000 -2.59 36.5 17.46 19.04
c3h8o3-2Z80_0-0.5_30_0_3.2_4.2_3_256000 -2.81 23.42 8.89 14.53
